67.9841079711914 494.5229797363281 car 98.96
182.55709838867188 362.0151672363281 car 98.85
110.44434356689453 414.5419921875 car 98.62
147.30422973632812 343.0152282714844 car 98.53
116.0750961303711 505.5048522949219 car 98.0
165.80490112304688 280.8399963378906 car 97.58
25.502248764038086 488.0943603515625 car 97.47
203.70648193359375 243.80841064453125 car 96.03
18.536935806274414 582.3565063476562 car 90.18
154.64871215820312 206.34732055664062 car 85.99
458.2729797363281 241.18312072753906 car 82.82
183.34048461914062 238.53912353515625 car 82.29
67.98466491699219 494.5208740234375 car 98.96
182.54136657714844 362.01947021484375 car 98.84
110.44527435302734 414.5423278808594 car 98.62
147.30548095703125 343.01666259765625 car 98.54
116.07559967041016 505.5037841796875 car 98.0
165.80906677246094 280.83270263671875 car 97.62
25.502548217773438 488.0706481933594 car 97.46
203.71139526367188 243.803466796875 car 95.99
18.537273406982422 582.3563232421875 car 90.17
154.62721252441406 206.34658813476562 car 85.64
183.33392333984375 238.49429321289062 car 83.57
458.2735290527344 241.18455505371094 car 82.85
114.79835510253906 508.58135986328125 car 98.91
68.00135803222656 494.4522399902344 car 98.86
181.7957763671875 364.0591735839844 car 98.57
110.57503509521484 414.5211486816406 car 98.48
147.28076171875 342.9802551269531 car 98.47
165.40866088867188 281.4510192871094 car 97.36
25.186321258544922 487.879150390625 car 97.05
203.512939453125 244.32850646972656 car 95.61
18.492380142211914 582.4190063476562 car 90.59
183.47210693359375 238.51641845703125 car 85.28
458.3681945800781 241.255615234375 car 83.44
153.9978790283203 209.05160522460938 car 80.45
68.06464385986328 494.3970642089844 car 98.85
180.97901916503906 365.858642578125 car 98.77
113.710693359375 511.0250549316406 car 98.57
110.51837158203125 414.50335693359375 car 98.5
147.32655334472656 343.3725891113281 car 98.34
164.966552734375 282.0721130371094 car 97.3
25.348655700683594 490.9601135253906 car 97.07
202.94227600097656 245.09425354003906 car 93.53
18.463674545288086 582.3346557617188 car 89.72
153.5344696044922 209.73797607421875 car 85.85
458.3754577636719 241.21556091308594 car 83.08
182.0987548828125 241.6715087890625 car 80.75
283.6903381347656 102.29293823242188 car 52.1
68.14897918701172 494.3758850097656 car 98.96
110.51237487792969 414.5009460449219 car 98.57
147.46185302734375 343.24542236328125 car 98.32
180.3042449951172 367.1029968261719 car 98.31
112.77224731445312 514.8626708984375 car 98.11
164.40650939941406 283.0908508300781 car 97.49
25.410959243774414 489.1295166015625 car 96.72
202.04478454589844 246.1785430908203 car 94.63
18.50661849975586 582.3335571289062 car 89.82
152.43661499023438 210.92327880859375 car 88.23
458.2940673828125 241.23245239257812 car 84.32
181.424072265625 241.4028778076172 car 80.86
283.47613525390625 102.49597930908203 car 52.6
68.12369537353516 494.4416809082031 car 98.91
179.49835205078125 369.7837829589844 car 98.55
110.41649627685547 517.9411010742188 car 98.5
110.49571228027344 414.4332580566406 car 98.36
147.6255340576172 344.3455810546875 car 98.16
164.07899475097656 283.82818603515625 car 96.99
25.38516616821289 491.3960266113281 car 96.77
201.3421630859375 247.07437133789062 car 94.29
18.50737953186035 582.3248901367188 car 89.49
151.3095703125 211.80245971679688 car 87.14
458.2978820800781 241.23394775390625 car 84.32
180.88906860351562 241.53431701660156 car 80.44
107.41258239746094 524.0594482421875 car 99.0
68.18605041503906 494.53472900390625 car 98.95
177.60690307617188 373.7500305175781 car 98.83
110.4543685913086 414.46649169921875 car 98.44
147.58665466308594 344.7825012207031 car 98.23
25.166500091552734 492.3313903808594 car 96.14
163.06809997558594 285.12371826171875 car 96.0
200.63250732421875 248.50921630859375 car 94.91
18.352935791015625 583.1984252929688 car 90.45
149.0876922607422 214.36492919921875 car 89.38
458.3401794433594 241.2014617919922 car 84.16
180.17958068847656 242.2417755126953 car 80.6
68.27108001708984 494.5282897949219 car 98.94
110.46450805664062 414.4833679199219 car 98.39
147.54273986816406 344.134033203125 car 98.12
106.26150512695312 526.87353515625 car 98.12
176.894287109375 375.24615478515625 car 97.3
162.78201293945312 285.8870544433594 car 96.63
25.07913589477539 493.0961608886719 car 95.64
200.68545532226562 249.06549072265625 car 94.64
18.342676162719727 583.3052978515625 car 91.41
148.59373474121094 214.65643310546875 car 90.27
458.32415771484375 241.20355224609375 car 84.6
179.44313049316406 244.14019775390625 car 82.75
104.42100524902344 531.2505493164062 car 98.9
68.23681640625 494.50738525390625 car 98.83
110.43448638916016 414.4933166503906 car 98.36
147.5475616455078 344.22412109375 car 97.73
175.2337188720703 377.3622741699219 car 97.23
162.5409698486328 286.2413635253906 car 96.72
200.39047241210938 250.14907836914062 car 95.43
25.097219467163086 495.3152160644531 car 95.18
18.341331481933594 583.3334350585938 car 91.9
178.29344177246094 245.0370330810547 car 91.75
147.04818725585938 216.0412139892578 car 86.55
458.3316345214844 241.224365234375 car 86.31