85.09947204589844 563.7091674804688 car 97.77
51.240234375 528.9568481445312 car 96.39
124.42241668701172 475.34210205078125 car 94.85
165.10289001464844 316.6571960449219 car 86.99
156.72689819335938 422.3052673339844 car 83.52
142.70205688476562 361.239013671875 car 70.26
178.7665557861328 364.47479248046875 car 62.53
457.691650390625 240.9038543701172 car 60.23
42.852054595947266 470.4248046875 car 57.57
133.24681091308594 309.63330078125 car 56.27
223.24815368652344 214.30789184570312 car 52.08
85.11264038085938 563.5455932617188 car 97.36
51.40196228027344 528.728271484375 car 96.04
124.45885467529297 475.22119140625 car 94.93
165.09976196289062 316.71820068359375 car 87.73
156.82000732421875 422.53948974609375 car 83.37
142.65711975097656 361.2814636230469 car 70.41
457.67901611328125 240.8919677734375 car 62.56
178.61279296875 364.5461120605469 car 61.82
133.29953002929688 309.65771484375 car 56.68
42.92412567138672 470.8971252441406 car 52.57
84.68058776855469 564.9891967773438 car 96.63
50.55064392089844 529.738525390625 car 95.64
124.11106872558594 475.689697265625 car 94.67
165.13475036621094 316.9411315917969 car 86.1
156.21531677246094 422.549072265625 car 83.03
142.22894287109375 361.14642333984375 car 72.94
457.36737060546875 240.95558166503906 car 66.29
178.63092041015625 364.08544921875 car 62.02
132.90432739257812 310.2540283203125 car 59.37
222.97718811035156 214.42384338378906 car 57.45
84.49169921875 564.797607421875 car 96.48
50.56812286376953 529.7835693359375 car 95.64
123.95830535888672 475.80291748046875 car 95.37
156.18276977539062 423.3595886230469 car 86.48
164.67478942871094 317.4879455566406 car 82.88
457.37713623046875 241.06117248535156 car 78.81
142.10964965820312 361.7420654296875 car 76.15
178.91436767578125 365.4190368652344 car 62.18
132.74807739257812 310.94134521484375 car 58.27
222.60647583007812 215.78469848632812 car 52.76
42.35786056518555 472.3552551269531 car 50.29
50.77997589111328 528.7800903320312 car 95.72
84.56420135498047 564.3953857421875 car 95.43
123.8628921508789 476.17022705078125 car 95.32
156.05770874023438 423.61041259765625 car 85.72
164.6551055908203 317.550537109375 car 83.7
457.3336486816406 241.13243103027344 car 80.15
142.12850952148438 361.6748046875 car 76.35
178.94818115234375 365.5861511230469 car 61.98
132.70736694335938 310.8802795410156 car 61.07
42.481563568115234 472.9104309082031 car 53.32
222.60519409179688 215.8495635986328 car 51.89
50.760536193847656 528.69091796875 car 96.04
84.46635437011719 564.4522705078125 car 95.64
123.83741760253906 476.0519714355469 car 94.93
156.15087890625 423.7561340332031 car 85.65
164.65054321289062 317.54693603515625 car 82.42
457.3224792480469 241.11032104492188 car 80.46
142.12533569335938 361.4400329589844 car 73.22
178.93899536132812 365.4631042480469 car 61.24
132.6949920654297 310.92767333984375 car 58.9
42.33027648925781 472.4961242675781 car 52.45
222.59304809570312 215.86326599121094 car 50.52
85.14177703857422 564.38232421875 car 96.82
50.619842529296875 528.4898071289062 car 96.04
124.20442199707031 475.82763671875 car 95.3
164.7507781982422 317.1169738769531 car 86.69
156.40847778320312 422.78619384765625 car 86.19
142.23377990722656 361.49407958984375 car 81.26
457.44366455078125 241.14727783203125 car 80.92
178.66989135742188 365.2832946777344 car 67.26
133.23629760742188 310.5842590332031 car 63.11
42.65340042114258 471.24267578125 car 58.76
85.05937194824219 564.1749267578125 car 97.14
50.64957046508789 528.5256958007812 car 96.09
124.45796203613281 475.61773681640625 car 95.01
165.14337158203125 317.1315002441406 car 86.92
156.70973205566406 422.6465759277344 car 85.52
142.2948760986328 361.1329650878906 car 75.17
178.9317169189453 365.6930236816406 car 70.59
458.152099609375 241.0330810546875 car 69.06
133.1895751953125 310.41552734375 car 58.72
42.68086242675781 471.1800537109375 car 55.49
84.99296569824219 563.445068359375 car 96.95
50.91316604614258 528.7360229492188 car 95.65
124.7446060180664 475.7709655761719 car 95.29
165.0867919921875 317.0685119628906 car 88.42
156.90362548828125 422.3979187011719 car 86.78
142.25933837890625 360.8624572753906 car 76.79
178.90411376953125 365.9345703125 car 74.25
457.97216796875 241.01356506347656 car 70.49
133.16610717773438 310.3043518066406 car 61.81
42.8204345703125 470.4351501464844 car 56.85
45.6648063659668 395.0309143066406 car 53.97
294.9104919433594 157.13790893554688 car 50.45
85.11307525634766 563.6110229492188 car 96.55
50.99674606323242 528.4491577148438 car 96.01
124.71969604492188 475.66888427734375 car 95.46
165.09329223632812 316.9991149902344 car 89.43
157.08290100097656 420.6642761230469 car 87.78
142.26986694335938 360.9541931152344 car 79.33
178.87283325195312 365.87261962890625 car 76.27
458.077880859375 240.9993896484375 car 73.26
133.37855529785156 310.22149658203125 car 64.83
42.675350189208984 470.285888671875 car 57.15
295.1605224609375 156.2109375 car 54.89
45.66559600830078 394.96380615234375 car 53.79
85.14823150634766 563.5288696289062 car 96.4
50.86553955078125 528.28515625 car 95.8
124.71527862548828 475.3717346191406 car 95.32
165.109619140625 317.021728515625 car 90.18
157.06658935546875 420.6782531738281 car 87.75
142.26278686523438 360.96417236328125 car 78.05
178.900146484375 365.85589599609375 car 76.28
458.04290771484375 241.0079345703125 car 75.03
133.3626251220703 310.2981872558594 car 64.53
42.43553924560547 470.2017517089844 car 58.02
295.1256103515625 155.77587890625 car 54.73
45.67679214477539 394.9555358886719 car 51.29
85.20880889892578 564.2619018554688 car 96.75
50.884796142578125 528.5556030273438 car 96.01
124.50055694580078 475.9347229003906 car 95.74
165.12344360351562 317.0788879394531 car 87.43
156.8998260498047 422.4532470703125 car 85.26
142.34249877929688 361.1734924316406 car 76.63
178.94503784179688 365.63458251953125 car 72.89
457.9405822753906 241.02748107910156 car 72.71
42.5013542175293 470.1406555175781 car 63.56
133.17047119140625 310.34991455078125 car 60.17
84.9587173461914 563.535888671875 car 97.62
50.38030242919922 529.6657104492188 car 96.11
124.12774658203125 475.75250244140625 car 94.36
156.42970275878906 422.76251220703125 car 85.15
165.0419921875 317.5238342285156 car 83.95
457.9684143066406 241.0644989013672 car 81.09
142.35543823242188 361.2481384277344 car 70.31
179.3721160888672 366.1485595703125 car 65.87
42.28915023803711 471.66510009765625 car 64.27
133.0631561279297 310.6186218261719 car 58.28
85.04022979736328 563.7701416015625 car 97.54
50.233741760253906 529.8549194335938 car 96.0
124.15133666992188 475.82275390625 car 94.21
156.44595336914062 422.7390441894531 car 84.65
457.7318115234375 241.08445739746094 car 82.43
165.04478454589844 317.54266357421875 car 82.1
142.34523010253906 361.38763427734375 car 69.0
42.2591552734375 471.7333679199219 car 66.67
179.2895965576172 366.2135009765625 car 64.47
133.0883331298828 310.6402587890625 car 58.16
85.10601043701172 563.8367309570312 car 97.15
50.21520233154297 529.94873046875 car 95.09
124.08794403076172 475.88861083984375 car 93.48
457.74664306640625 241.06430053710938 car 82.97
156.44410705566406 422.6427307128906 car 82.87
165.05712890625 317.53826904296875 car 81.44
142.33799743652344 361.4080505371094 car 68.25
179.3023223876953 366.17315673828125 car 62.26
42.190433502197266 471.56610107421875 car 61.93
133.0906982421875 310.6169128417969 car 58.13
84.92955780029297 563.3822631835938 car 97.14
50.19514846801758 530.194091796875 car 94.43
124.05130767822266 475.92059326171875 car 93.22
156.38584899902344 422.7737731933594 car 82.62
164.76791381835938 317.04254150390625 car 80.93
457.6954345703125 241.05601501464844 car 80.74
142.3416748046875 361.36865234375 car 64.82
41.988075256347656 470.77032470703125 car 60.93
179.3276824951172 366.05950927734375 car 60.6
133.092529296875 310.7027587890625 car 55.99
85.080810546875 563.324951171875 car 97.01
50.41858673095703 530.5197143554688 car 94.83
123.97692108154297 475.8979797363281 car 93.24
457.886962890625 241.01846313476562 car 82.31
164.82928466796875 316.994384765625 car 81.14
156.45314025878906 422.1620788574219 car 80.83
142.39712524414062 361.290771484375 car 63.53
179.39590454101562 366.21575927734375 car 60.42
42.34308624267578 470.5774230957031 car 60.21
133.04617309570312 310.44598388671875 car 54.34
85.5400161743164 563.0699462890625 car 96.67
50.91985321044922 529.8126220703125 car 94.86
124.22026824951172 475.5113525390625 car 93.85
165.15420532226562 317.0281677246094 car 87.16
156.8542022705078 422.1682434082031 car 81.49
458.3032531738281 241.08200073242188 car 79.21
179.2620391845703 366.438720703125 car 64.97
142.6945343017578 361.14276123046875 car 64.23
42.764610290527344 470.518310546875 car 60.91
133.11312866210938 310.054931640625 car 54.88
45.87887191772461 394.8822021484375 car 54.45
85.45387268066406 563.0975952148438 car 96.62
50.83502960205078 529.911376953125 car 94.97
124.34870147705078 475.4912414550781 car 93.63
165.18133544921875 317.0361633300781 car 87.28
156.8743438720703 422.28961181640625 car 82.6
458.1878662109375 241.03225708007812 car 75.9
179.26675415039062 366.45379638671875 car 64.21
142.69908142089844 361.15118408203125 car 62.82
42.89519500732422 470.3401184082031 car 57.51
133.14910888671875 310.1414794921875 car 55.87
45.90296173095703 394.8939208984375 car 53.19
297.1329345703125 145.5971221923828 car 52.53
85.54949188232422 563.5488891601562 car 96.91
50.777565002441406 530.2590942382812 car 94.8
124.39222717285156 475.9015197753906 car 93.29
165.13534545898438 317.2870788574219 car 86.96
156.85726928710938 422.0138244628906 car 78.45
458.0767822265625 240.9936065673828 car 77.21
179.1255645751953 366.50555419921875 car 66.34
142.759033203125 361.4648132324219 car 64.11
133.075439453125 310.20062255859375 car 59.87
42.46722412109375 470.13018798828125 car 59.27
85.3027114868164 563.6400756835938 car 96.71
50.44358444213867 529.844970703125 car 95.32
124.12359619140625 475.9961853027344 car 92.19
164.81509399414062 316.73785400390625 car 84.73
457.9948425292969 240.97488403320312 car 82.2
156.74520874023438 422.1688537597656 car 81.87
142.66073608398438 361.4281005859375 car 68.22
179.30958557128906 366.3611755371094 car 66.86
41.98714065551758 469.98779296875 car 63.67
132.99826049804688 310.56597900390625 car 62.68
85.17596435546875 563.578125 car 96.58
50.36884307861328 530.24560546875 car 95.29
124.09364318847656 476.28485107421875 car 93.76
164.61863708496094 317.4750061035156 car 83.6
156.35443115234375 422.9493408203125 car 79.75
457.6694030761719 241.13442993164062 car 78.89
142.41775512695312 361.6093444824219 car 66.05
179.28341674804688 366.7564392089844 car 64.55
41.651756286621094 471.8929443359375 car 60.02
132.29830932617188 310.9703369140625 car 54.05
85.13833618164062 563.7952270507812 car 96.77
50.40674591064453 530.35595703125 car 96.08
123.97148895263672 476.2410583496094 car 94.13
164.59060668945312 317.5236511230469 car 83.29
156.33657836914062 422.8351135253906 car 79.56
457.7423400878906 241.28125 car 77.76
142.38851928710938 361.76300048828125 car 63.79
41.656768798828125 471.86297607421875 car 62.09
179.23199462890625 366.70086669921875 car 60.91
132.36392211914062 310.9674072265625 car 55.16
85.16187286376953 563.5704345703125 car 96.73
50.57935333251953 530.3143920898438 car 95.42
124.06747436523438 476.21563720703125 car 92.07
164.72000122070312 317.3583984375 car 80.81
457.5589904785156 241.24066162109375 car 78.06
156.399658203125 422.6532897949219 car 76.55
142.40518188476562 361.50830078125 car 58.24
179.20265197753906 366.66265869140625 car 56.7
132.67431640625 310.70263671875 car 53.31
41.299381256103516 471.0893859863281 car 52.44
124.42927551269531 475.596435546875 car 96.63
50.352569580078125 529.0223999023438 car 91.66
458.18914794921875 241.1312713623047 car 90.8
83.98394775390625 565.2354736328125 car 89.31
156.72869873046875 423.03582763671875 car 89.13
164.9683380126953 316.90130615234375 car 88.19
179.23959350585938 366.80517578125 car 69.3
42.856231689453125 470.81689453125 car 67.16
140.1625518798828 366.244384765625 car 65.27
132.96173095703125 310.70263671875 car 63.1
124.42993927001953 475.5968933105469 car 96.63
50.37181091308594 529.0913696289062 car 91.8
458.1924743652344 241.1335906982422 car 91.07
83.99398040771484 565.255859375 car 89.2
156.72901916503906 423.03656005859375 car 89.2
164.96640014648438 316.9058837890625 car 87.96
179.23963928222656 366.7928466796875 car 69.66
42.85712432861328 470.8155517578125 car 67.1
140.1705322265625 366.2456970214844 car 65.8
132.96307373046875 310.6919860839844 car 63.22
124.42993927001953 475.5968933105469 car 96.63
50.37181091308594 529.0913696289062 car 91.8
458.1924743652344 241.1335906982422 car 91.07
83.99398040771484 565.255859375 car 89.2
156.72901916503906 423.03656005859375 car 89.2
164.96640014648438 316.9058837890625 car 87.96
179.23963928222656 366.7928466796875 car 69.66
42.85712432861328 470.8155517578125 car 67.1
140.1705322265625 366.2456970214844 car 65.8
132.96307373046875 310.6919860839844 car 63.22
124.42993927001953 475.5968933105469 car 96.63
50.37181091308594 529.0913696289062 car 91.8
458.1924743652344 241.1335906982422 car 91.07
83.99398040771484 565.255859375 car 89.2
156.72901916503906 423.03656005859375 car 89.2
164.96640014648438 316.9058837890625 car 87.96
179.23963928222656 366.7928466796875 car 69.66
42.85712432861328 470.8155517578125 car 67.1
140.1705322265625 366.2456970214844 car 65.8
132.96307373046875 310.6919860839844 car 63.22
124.42993927001953 475.5968933105469 car 96.63
50.37181091308594 529.0913696289062 car 91.8
458.1924743652344 241.1335906982422 car 91.07
83.99398040771484 565.255859375 car 89.2
156.72901916503906 423.03656005859375 car 89.2
164.96640014648438 316.9058837890625 car 87.96
179.23963928222656 366.7928466796875 car 69.66
42.85712432861328 470.8155517578125 car 67.1
140.1705322265625 366.2456970214844 car 65.8
132.96307373046875 310.6919860839844 car 63.22
124.42993927001953 475.5968933105469 car 96.63
50.37181091308594 529.0913696289062 car 91.8
458.1924743652344 241.1335906982422 car 91.07
83.99398040771484 565.255859375 car 89.2
156.72901916503906 423.03656005859375 car 89.2
164.96640014648438 316.9058837890625 car 87.96
179.23963928222656 366.7928466796875 car 69.66
42.85712432861328 470.8155517578125 car 67.1
140.1705322265625 366.2456970214844 car 65.8
132.96307373046875 310.6919860839844 car 63.22
124.42993927001953 475.5968933105469 car 96.63
50.37181091308594 529.0913696289062 car 91.8
458.1924743652344 241.1335906982422 car 91.07
83.99398040771484 565.255859375 car 89.2
156.72901916503906 423.03656005859375 car 89.2
164.96640014648438 316.9058837890625 car 87.96
179.23963928222656 366.7928466796875 car 69.66
42.85712432861328 470.8155517578125 car 67.1
140.1705322265625 366.2456970214844 car 65.8
132.96307373046875 310.6919860839844 car 63.22
124.42993927001953 475.5968933105469 car 96.63
50.37181091308594 529.0913696289062 car 91.8
458.1924743652344 241.1335906982422 car 91.07
83.99398040771484 565.255859375 car 89.2
156.72901916503906 423.03656005859375 car 89.2
164.96640014648438 316.9058837890625 car 87.96
179.23963928222656 366.7928466796875 car 69.66
42.85712432861328 470.8155517578125 car 67.1
140.1705322265625 366.2456970214844 car 65.8
132.96307373046875 310.6919860839844 car 63.22
124.43749237060547 475.61688232421875 car 96.69
50.31678771972656 529.07373046875 car 91.8
83.83648681640625 565.214599609375 car 91.12
458.1899108886719 241.13192749023438 car 91.02
156.73269653320312 423.0658874511719 car 89.74
164.968505859375 316.904052734375 car 88.75
179.23193359375 366.8137512207031 car 70.37
42.85651779174805 470.8143005371094 car 67.29
140.16725158691406 366.24859619140625 car 66.49
132.96286010742188 310.7005310058594 car 63.64
124.43768310546875 475.61895751953125 car 96.68
50.34246826171875 529.08447265625 car 91.98
458.195556640625 241.13369750976562 car 91.3
83.83763122558594 565.2329711914062 car 91.13
156.73208618164062 423.0617980957031 car 89.62
164.94924926757812 316.910888671875 car 88.5
179.23512268066406 366.79986572265625 car 70.39
42.85760498046875 470.8128967285156 car 67.17
140.17344665527344 366.2506103515625 car 66.75
132.964599609375 310.6896667480469 car 63.69
124.43768310546875 475.61895751953125 car 96.68
50.34246826171875 529.08447265625 car 91.98
458.195556640625 241.13369750976562 car 91.3
83.83763122558594 565.2329711914062 car 91.13
156.73208618164062 423.0617980957031 car 89.62
164.94924926757812 316.910888671875 car 88.5
179.23512268066406 366.79986572265625 car 70.39
42.85760498046875 470.8128967285156 car 67.17
140.17344665527344 366.2506103515625 car 66.75
132.964599609375 310.6896667480469 car 63.69
124.43768310546875 475.61895751953125 car 96.68
50.34246826171875 529.08447265625 car 91.98
458.195556640625 241.13369750976562 car 91.3
83.83763122558594 565.2329711914062 car 91.13
156.73208618164062 423.0617980957031 car 89.62
164.94924926757812 316.910888671875 car 88.5
179.23512268066406 366.79986572265625 car 70.39
42.85760498046875 470.8128967285156 car 67.17
140.17344665527344 366.2506103515625 car 66.75
132.964599609375 310.6896667480469 car 63.69
124.43768310546875 475.61895751953125 car 96.68
50.34246826171875 529.08447265625 car 91.98
458.195556640625 241.13369750976562 car 91.3
83.83763122558594 565.2329711914062 car 91.13
156.73208618164062 423.0617980957031 car 89.62
164.94924926757812 316.910888671875 car 88.5
179.23512268066406 366.79986572265625 car 70.39
42.85760498046875 470.8128967285156 car 67.17
140.17344665527344 366.2506103515625 car 66.75
132.964599609375 310.6896667480469 car 63.69
124.43768310546875 475.61895751953125 car 96.68
50.34246826171875 529.08447265625 car 91.98
458.195556640625 241.13369750976562 car 91.3
83.83763122558594 565.2329711914062 car 91.13
156.73208618164062 423.0617980957031 car 89.62
164.94924926757812 316.910888671875 car 88.5
179.23512268066406 366.79986572265625 car 70.39
42.85760498046875 470.8128967285156 car 67.17
140.17344665527344 366.2506103515625 car 66.75
132.964599609375 310.6896667480469 car 63.69
124.43768310546875 475.61895751953125 car 96.68
50.34246826171875 529.08447265625 car 91.98
458.195556640625 241.13369750976562 car 91.3
83.83763122558594 565.2329711914062 car 91.13
156.73208618164062 423.0617980957031 car 89.62
164.94924926757812 316.910888671875 car 88.5
179.23512268066406 366.79986572265625 car 70.39
42.85760498046875 470.8128967285156 car 67.17
140.17344665527344 366.2506103515625 car 66.75
132.964599609375 310.6896667480469 car 63.69
124.43768310546875 475.61895751953125 car 96.68
50.34246826171875 529.08447265625 car 91.98
458.195556640625 241.13369750976562 car 91.3
83.83763122558594 565.2329711914062 car 91.13
156.73208618164062 423.0617980957031 car 89.62
164.94924926757812 316.910888671875 car 88.5
179.23512268066406 366.79986572265625 car 70.39
42.85760498046875 470.8128967285156 car 67.17
140.17344665527344 366.2506103515625 car 66.75
132.964599609375 310.6896667480469 car 63.69
124.43768310546875 475.61895751953125 car 96.68
50.34246826171875 529.08447265625 car 91.98
458.195556640625 241.13369750976562 car 91.3
83.83763122558594 565.2329711914062 car 91.13
156.73208618164062 423.0617980957031 car 89.62
164.94924926757812 316.910888671875 car 88.5
179.23512268066406 366.79986572265625 car 70.39
42.85760498046875 470.8128967285156 car 67.17
140.17344665527344 366.2506103515625 car 66.75
132.964599609375 310.6896667480469 car 63.69
124.43768310546875 475.61895751953125 car 96.68
50.34246826171875 529.08447265625 car 91.98
458.195556640625 241.13369750976562 car 91.3
83.83763122558594 565.2329711914062 car 91.13
156.73208618164062 423.0617980957031 car 89.62
164.94924926757812 316.910888671875 car 88.5
179.23512268066406 366.79986572265625 car 70.39
42.85760498046875 470.8128967285156 car 67.17
140.17344665527344 366.2506103515625 car 66.75
132.964599609375 310.6896667480469 car 63.69
124.43768310546875 475.61895751953125 car 96.68
50.34246826171875 529.08447265625 car 91.98
458.195556640625 241.13369750976562 car 91.3
83.83763122558594 565.2329711914062 car 91.13
156.73208618164062 423.0617980957031 car 89.62
164.94924926757812 316.910888671875 car 88.5
179.23512268066406 366.79986572265625 car 70.39
42.85760498046875 470.8128967285156 car 67.17
140.17344665527344 366.2506103515625 car 66.75
132.964599609375 310.6896667480469 car 63.69
124.43768310546875 475.61895751953125 car 96.68
50.34246826171875 529.08447265625 car 91.98
458.195556640625 241.13369750976562 car 91.3
83.83763122558594 565.2329711914062 car 91.13
156.73208618164062 423.0617980957031 car 89.62
164.94924926757812 316.910888671875 car 88.5
179.23512268066406 366.79986572265625 car 70.39
42.85760498046875 470.8128967285156 car 67.17
140.17344665527344 366.2506103515625 car 66.75
132.964599609375 310.6896667480469 car 63.69
124.43768310546875 475.61895751953125 car 96.68
50.34246826171875 529.08447265625 car 91.98
458.195556640625 241.13369750976562 car 91.3
83.83763122558594 565.2329711914062 car 91.13
156.73208618164062 423.0617980957031 car 89.62
164.94924926757812 316.910888671875 car 88.5
179.23512268066406 366.79986572265625 car 70.39
42.85760498046875 470.8128967285156 car 67.17
140.17344665527344 366.2506103515625 car 66.75
132.964599609375 310.6896667480469 car 63.69
124.43768310546875 475.61895751953125 car 96.68
50.34246826171875 529.08447265625 car 91.98
458.195556640625 241.13369750976562 car 91.3
83.83763122558594 565.2329711914062 car 91.13
156.73208618164062 423.0617980957031 car 89.62
164.94924926757812 316.910888671875 car 88.5
179.23512268066406 366.79986572265625 car 70.39
42.85760498046875 470.8128967285156 car 67.17
140.17344665527344 366.2506103515625 car 66.75
132.964599609375 310.6896667480469 car 63.69
124.43768310546875 475.61895751953125 car 96.68
50.34246826171875 529.08447265625 car 91.98
458.195556640625 241.13369750976562 car 91.3
83.83763122558594 565.2329711914062 car 91.13
156.73208618164062 423.0617980957031 car 89.62
164.94924926757812 316.910888671875 car 88.5
179.23512268066406 366.79986572265625 car 70.39
42.85760498046875 470.8128967285156 car 67.17
140.17344665527344 366.2506103515625 car 66.75
132.964599609375 310.6896667480469 car 63.69
124.43954467773438 475.60845947265625 car 96.73
50.34751892089844 529.0888061523438 car 92.01
83.83163452148438 565.2260131835938 car 91.1
458.18609619140625 241.13229370117188 car 91.04
156.74185180664062 423.0998840332031 car 90.48
164.94662475585938 316.91259765625 car 89.28
179.2181854248047 366.81427001953125 car 71.96
140.176513671875 366.2519836425781 car 69.02
42.85843276977539 470.81103515625 car 67.12
132.97007751464844 310.6850280761719 car 64.84
124.42699432373047 475.62567138671875 car 96.2
50.32883834838867 529.116943359375 car 91.72
83.8502197265625 565.2078857421875 car 90.41
164.970458984375 316.8959045410156 car 85.62
458.13861083984375 241.0929718017578 car 84.34
156.72732543945312 422.8503723144531 car 84.09
42.84511184692383 470.8106689453125 car 66.63
179.29052734375 366.7656555175781 car 61.76
132.96295166015625 310.697998046875 car 58.4
140.1407012939453 366.2211608886719 car 56.33
124.42513275146484 475.6570739746094 car 96.25
50.16835021972656 531.4132080078125 car 92.57
83.86205291748047 565.0809936523438 car 92.29
164.97091674804688 316.8991394042969 car 85.32
156.72816467285156 422.84320068359375 car 84.89
458.1383056640625 241.09332275390625 car 84.41
42.83171844482422 470.79400634765625 car 66.67
179.29299926757812 366.76446533203125 car 61.69
132.9639434814453 310.70172119140625 car 58.02
140.138427734375 366.2191162109375 car 56.2
124.42547607421875 475.7163391113281 car 96.29
50.21205520629883 531.1607055664062 car 92.28
83.82274627685547 564.9662475585938 car 90.77
164.9705810546875 316.9012451171875 car 85.26
156.7303466796875 422.8345947265625 car 85.15
458.13946533203125 241.0936279296875 car 84.46
42.82695770263672 470.80029296875 car 66.91
179.2928009033203 366.7595520019531 car 61.63
132.96522521972656 310.7070617675781 car 57.88
140.13438415527344 366.21624755859375 car 56.03
124.40685272216797 475.6407165527344 car 96.16
84.67587280273438 564.08544921875 car 92.6
50.05454635620117 532.5444946289062 car 91.37
458.1400146484375 241.08670043945312 car 84.87
156.68006896972656 422.6565856933594 car 84.31
164.9737091064453 316.8992919921875 car 81.98
42.844486236572266 470.8559875488281 car 66.06
140.12940979003906 366.13140869140625 car 60.47
179.27333068847656 366.6796569824219 car 58.67
132.908447265625 310.55523681640625 car 54.83
124.29796600341797 475.79217529296875 car 95.24
85.62002563476562 563.5794677734375 car 94.42
50.00379180908203 532.56640625 car 93.14
458.115234375 241.08673095703125 car 84.59
156.71536254882812 422.3473815917969 car 82.33
165.028564453125 317.0601501464844 car 81.91
140.0428009033203 366.0411071777344 car 62.21
179.2350311279297 366.5946960449219 car 61.33
42.948577880859375 470.7018737792969 car 60.11
132.93911743164062 310.3802490234375 car 53.13
85.26615142822266 563.2517700195312 car 96.43
49.731754302978516 531.22900390625 car 95.73
124.30067443847656 475.874267578125 car 95.67
458.1351623535156 241.0448760986328 car 84.56
156.67019653320312 422.3470458984375 car 83.81
164.75787353515625 316.40826416015625 car 83.81
140.0745086669922 366.019287109375 car 63.58
179.2143096923828 366.411376953125 car 62.56
42.9809455871582 470.79241943359375 car 61.85
132.91973876953125 310.3837585449219 car 54.94
85.50658416748047 563.605712890625 car 96.53
49.96419906616211 530.0399169921875 car 95.79
124.28021240234375 476.0674133300781 car 95.09
458.21319580078125 241.1376495361328 car 84.16
165.06320190429688 317.040771484375 car 83.47
156.70391845703125 422.30078125 car 82.29
139.95916748046875 366.06646728515625 car 62.68
42.985355377197266 470.55426025390625 car 62.57
179.24118041992188 366.5810852050781 car 59.19
132.87123107910156 310.4229431152344 car 55.93
85.52719116210938 563.5582885742188 car 96.46
49.968231201171875 529.95751953125 car 95.6
124.26605987548828 475.98931884765625 car 95.41
165.05738830566406 316.9109802246094 car 84.8
156.7104949951172 422.8128662109375 car 84.28
458.06414794921875 241.11256408691406 car 82.62
140.01031494140625 366.03729248046875 car 66.88
43.00489044189453 470.4696044921875 car 63.16
179.23577880859375 366.57257080078125 car 62.02
132.92575073242188 310.5448303222656 car 58.43
85.39664459228516 563.4150390625 car 96.82
49.931549072265625 529.8899536132812 car 95.73
124.19384765625 476.00567626953125 car 95.59
165.03256225585938 316.9139099121094 car 85.1
156.7030487060547 422.73577880859375 car 83.24
458.0648498535156 241.10572814941406 car 82.69
140.11871337890625 366.0228271484375 car 66.21
42.92176055908203 470.7363586425781 car 64.67
179.302490234375 366.56768798828125 car 60.7
132.8627471923828 310.71966552734375 car 58.91
85.52702331542969 563.56201171875 car 96.57
50.034271240234375 529.977783203125 car 95.65
124.21156311035156 475.9659423828125 car 95.13
165.04933166503906 316.9517822265625 car 84.29
458.03839111328125 241.1057586669922 car 82.64
156.7352752685547 422.70404052734375 car 80.62
43.032352447509766 470.847412109375 car 66.7
140.12266540527344 366.0055847167969 car 63.0
179.36204528808594 366.6008605957031 car 59.82
132.82546997070312 310.6990966796875 car 54.2
85.5658187866211 563.419921875 car 96.66
50.629661560058594 530.1434326171875 car 95.47
124.21003723144531 475.97369384765625 car 94.57
165.05438232421875 316.96148681640625 car 84.88
458.02490234375 241.15769958496094 car 84.18
156.70318603515625 422.6976318359375 car 81.02
140.1105194091797 366.001953125 car 65.55
42.94566345214844 470.8184509277344 car 64.05
179.3573455810547 366.58770751953125 car 61.65
132.82310485839844 310.7025146484375 car 57.35
85.45645904541016 563.1539306640625 car 96.75
50.88390350341797 529.8465576171875 car 95.41
124.21153259277344 475.8199462890625 car 95.07
165.0866241455078 316.91180419921875 car 85.86
458.0762634277344 241.13192749023438 car 83.86
156.66909790039062 422.5429382324219 car 83.33
140.12130737304688 366.1104736328125 car 69.1
179.30075073242188 366.54351806640625 car 65.38
43.099586486816406 470.66021728515625 car 63.55
132.83485412597656 310.6745910644531 car 59.06
222.9786376953125 215.01071166992188 car 51.92
85.51605987548828 563.067626953125 car 96.59
124.22722625732422 475.92156982421875 car 95.36
50.97880554199219 530.20458984375 car 95.33
165.08494567871094 316.9371337890625 car 85.67
458.06744384765625 241.1311798095703 car 83.25
156.66403198242188 422.1329345703125 car 82.86
140.1160888671875 366.12933349609375 car 69.39
179.28875732421875 366.5563659667969 car 64.31
43.17591857910156 470.62139892578125 car 63.57
132.8085174560547 310.5157165527344 car 58.06
222.9736785888672 215.06312561035156 car 52.38
85.50601196289062 563.2366943359375 car 96.68
50.00319290161133 529.7626953125 car 95.91
124.24520111083984 475.9657897949219 car 95.22
165.14532470703125 316.78082275390625 car 86.46
156.76522827148438 422.1274108886719 car 83.38
458.3580322265625 241.2017822265625 car 83.32
140.3795928955078 366.134765625 car 72.89
43.40480422973633 470.6023864746094 car 66.3
179.2832489013672 366.606201171875 car 65.15
132.9636993408203 310.4181823730469 car 56.46
85.21216583251953 563.2246704101562 car 96.95
49.892547607421875 529.838134765625 car 96.14
124.28794860839844 476.0628967285156 car 95.49
165.13031005859375 316.82568359375 car 86.91
156.84507751464844 420.752197265625 car 83.1
458.36865234375 241.18077087402344 car 82.67
140.4124755859375 366.2167053222656 car 70.35
43.29814147949219 470.7005920410156 car 65.83
179.32032775878906 366.63934326171875 car 65.79
132.98355102539062 310.42193603515625 car 57.51
223.0828857421875 215.07809448242188 car 50.05
85.1519546508789 563.181396484375 car 97.34
50.41844940185547 530.280029296875 car 95.94
124.34637451171875 476.11529541015625 car 95.3
165.126953125 316.8158264160156 car 86.67
156.86639404296875 420.70361328125 car 82.12
458.4451599121094 241.08148193359375 car 80.46
140.41949462890625 366.20733642578125 car 69.22
43.1959342956543 470.620849609375 car 66.39
179.3716583251953 366.6318054199219 car 65.62
132.96920776367188 310.4709777832031 car 57.57
99.66618347167969 419.36419677734375 car 51.27
85.2208480834961 563.4659423828125 car 97.48
50.61243438720703 530.1263427734375 car 95.65
124.19245147705078 475.8103942871094 car 95.14
164.9681396484375 316.9594421386719 car 84.99
156.7239227294922 422.2125244140625 car 77.85
457.919189453125 241.09317016601562 car 76.9
140.21661376953125 366.2125244140625 car 63.98
43.057472229003906 470.2757568359375 car 60.41
179.18592834472656 366.55657958984375 car 59.4
132.91343688964844 310.48870849609375 car 57.42
85.15287780761719 563.5958251953125 car 97.38
50.51750183105469 530.0406494140625 car 95.52
124.15615844726562 475.7856750488281 car 95.1
164.9943084716797 316.9169006347656 car 83.72
156.67861938476562 422.2543640136719 car 78.97
457.8529968261719 241.20668029785156 car 71.37
140.2456817626953 366.3038024902344 car 63.28
43.13667678833008 470.1238098144531 car 61.53
179.15798950195312 366.523681640625 car 57.82
132.8583984375 310.60638427734375 car 55.8
85.07345581054688 563.63916015625 car 97.36
50.03971862792969 529.8910522460938 car 95.88
124.19322204589844 475.6390380859375 car 95.44
164.97410583496094 316.892333984375 car 85.29
156.62913513183594 422.21331787109375 car 81.98
457.9869689941406 241.1904754638672 car 72.94
140.21994018554688 366.3128967285156 car 66.25
179.13580322265625 366.50128173828125 car 60.92
42.98523712158203 470.2924499511719 car 59.23
132.83982849121094 310.7021789550781 car 58.1
222.98834228515625 215.18099975585938 car 50.23
84.99034118652344 563.6798095703125 car 97.32
50.013153076171875 529.9631958007812 car 96.42
124.23712158203125 475.5775451660156 car 95.62
164.9755401611328 316.9272766113281 car 84.92
156.5858917236328 422.15960693359375 car 82.14
457.9742736816406 241.2144317626953 car 73.57
140.17996215820312 366.2904052734375 car 66.5
42.94883728027344 470.478515625 car 63.1
179.1457061767578 366.4993591308594 car 60.98
132.77838134765625 310.7428283691406 car 56.2
222.9847869873047 215.17666625976562 car 51.95
85.15383911132812 563.7722778320312 car 97.35
50.14677047729492 529.987060546875 car 95.73
124.2256088256836 475.87872314453125 car 95.51
165.05776977539062 316.9075622558594 car 85.38
156.7687530517578 422.10394287109375 car 80.02
457.848388671875 241.21774291992188 car 69.27
140.2613525390625 366.43218994140625 car 64.83
179.1781005859375 366.3935852050781 car 62.11
43.02989959716797 470.4679870605469 car 61.44
132.81529235839844 310.6845703125 car 56.52
223.01577758789062 215.12289428710938 car 50.72
85.09707641601562 563.9374389648438 car 97.11
50.16067123413086 529.838623046875 car 96.1
124.58523559570312 475.61602783203125 car 95.24
165.1451416015625 316.89666748046875 car 84.67
156.97018432617188 420.8853759765625 car 79.1
458.3572692871094 241.02069091796875 car 67.14
140.35491943359375 366.23321533203125 car 62.14
179.3206787109375 366.3377990722656 car 60.75
43.380985260009766 470.5553283691406 car 58.81
133.0481414794922 310.3798522949219 car 56.83
85.20855712890625 563.7760620117188 car 97.09
50.15909957885742 529.851806640625 car 95.96
124.51466369628906 475.5841064453125 car 95.0
165.15664672851562 316.84344482421875 car 85.32
157.02651977539062 420.8032531738281 car 77.79
458.4365234375 240.99642944335938 car 68.92
140.3506317138672 366.20892333984375 car 61.85
179.2564697265625 366.3275146484375 car 61.5
43.360618591308594 470.5379638671875 car 57.96
133.0427703857422 310.36962890625 car 57.55
85.10940551757812 563.7066650390625 car 97.09
50.94779968261719 529.5039672851562 car 95.33
124.4700698852539 475.60101318359375 car 94.42
165.16064453125 316.84405517578125 car 85.25
156.8929901123047 421.75091552734375 car 76.74
458.4012145996094 241.02052307128906 car 69.32
179.2843017578125 366.3993835449219 car 60.48
140.35679626464844 366.2279357910156 car 60.41
133.045654296875 310.37237548828125 car 57.35
43.26506805419922 470.4630432128906 car 57.24
85.08870697021484 564.0755004882812 car 97.45
50.634212493896484 529.818603515625 car 96.12
124.27703857421875 475.62445068359375 car 95.49
156.92425537109375 420.9520568847656 car 82.36
165.02059936523438 316.9010009765625 car 81.98
458.45733642578125 241.06295776367188 car 70.61
140.26577758789062 366.3427734375 car 63.28
43.06510925292969 470.2400207519531 car 62.18
179.2340545654297 366.36224365234375 car 61.66
132.87921142578125 310.58599853515625 car 54.93
85.01345825195312 563.8095092773438 car 97.37
49.88913345336914 529.9323120117188 car 96.37
124.02113342285156 475.7464904785156 car 95.65
164.86813354492188 317.0876770019531 car 82.41
156.55328369140625 422.3825378417969 car 82.22
458.0184020996094 241.0636444091797 car 68.02
140.22312927246094 366.192138671875 car 65.51
42.9060173034668 470.3172302246094 car 61.98
179.12625122070312 366.3868713378906 car 59.44
132.8192901611328 310.7300109863281 car 56.26
84.88302612304688 563.9531860351562 car 96.9
49.785369873046875 529.9681396484375 car 96.29
124.08563995361328 475.5595703125 car 95.67
156.56460571289062 422.61083984375 car 82.56
164.87368774414062 317.0188903808594 car 82.0
43.104095458984375 470.4965515136719 car 68.3
457.78790283203125 241.11068725585938 car 67.23
140.16302490234375 366.16754150390625 car 65.39
179.11459350585938 366.4007873535156 car 60.05
132.81776428222656 310.67755126953125 car 56.94
85.56150817871094 563.556640625 car 96.96
49.942569732666016 530.1160278320312 car 96.21
124.29949951171875 475.64215087890625 car 95.56
156.18206787109375 422.5836486816406 car 82.81
164.544921875 317.0358581542969 car 81.87
457.6836242675781 240.98785400390625 car 69.6
42.677982330322266 470.48858642578125 car 65.64
139.9915313720703 366.24835205078125 car 62.71
132.656982421875 310.8113708496094 car 62.49
179.22703552246094 366.683349609375 car 51.82
85.57584381103516 563.6317138671875 car 96.99
50.436866760253906 530.4605712890625 car 96.14
124.40969848632812 475.7272644042969 car 95.79
156.58787536621094 422.3567199707031 car 85.32
164.74969482421875 316.9026184082031 car 81.75
457.94818115234375 240.95152282714844 car 70.84
139.8502960205078 366.3723449707031 car 66.87
42.46434020996094 470.6746826171875 car 64.81
132.6854248046875 310.5635986328125 car 59.6
179.0489959716797 366.7403259277344 car 55.29
99.7769775390625 418.9906921386719 car 51.09
85.4972152709961 563.6163330078125 car 96.55
50.5997428894043 530.31005859375 car 96.11